51
3 100.00 200.00
3 120.60 250.00
3 110.40 420.00
3 210.10 220.00
3 278.44 80.00
2 1 140000 100 50 40 50 34.00
2 3 100000 110 60 50 30 44.00
2 3 110000 120 70 60 70 23.00
2 2 2000 140 2 3 1 1.00
2 0 110000 1 70 60 70 78.00
1 0 500
1 2 3500
1 3 35400
5 1 2
1 1 3400
1 0 9900
5 2 3
1 0 2400 R
1 1 1400 L
1 2 200 R
1 2 10 L
6 0 2
1 0 72000 R
7 0 397650.74
5 1 0
7 1 31.00
4 3 0
6 1 2
7 2 42567.44
7 3 245.01
4 0 3
4 3 2
5 1 3
7 4 320123.32
6 1 0
4 3 3
7 0 70.20
4 3 3
7 1 5.11
6 2 1
5 0 2
6 3 2
4 3 3
7 0 320123.32
7 1 123.32
7 2 3.32
6 4 3
5 4 1
4 3 3
7 2 1.74
4 2 3